1.94
2.74
2.86
2.9
2.96
3.38
4.2
4.64
5.28
6.04
6.14
6.2
7.58
7.7
10.58
11.18
11.28
13.24
14.74
16.86
19.16
19.26
22.02
23.5
28.66
33.8
35.56
37.64
37.68
37.8
42.08
43.24
44.34
44.42
44.44
46.08
46.12
46.84
50.42
50.52
53.76
53.98
54.02
54.06
54.16
54.36
56.52
60.6
61.92
63.54
65.2
67.3
69.94
69.96
70
70.04
72.04
73.5
74.68
76.18
77.34
78.42
78.62
78.78
78.92
79.98
80.34
81.44
82.94
85.56
93.86
98.4
100.06
102.24
102.3
102.34
103.7
103.76
105.8
105.84
110.3
110.4
112.04
114.46
114.54
116.16
117.2
117.7
118.26
121.84
121.9
121.94
125
125.06
125.14
130.1
130.16
135.9
137.66
139.64
142.56
142.64
145.56
147.44
147.5
147.54
152.44
152.5
152.54
156.5
156.54
162.84
162.9
166.6
170.84
175.84
175.9
175.96
176
177.9
177.96
178.04
181.7
185.5
188.56
190.54
198
198.06
203.1
204.16
204.24
204.3
204.34
209.2
209.26
209.34
214.46
214.54
218.74
222.44
222.5
222.54
225.7
225.8
229.9
229.94
232.64
232.7
233.96
234.7
234.76
234.84
235.86
239.3
243.4
247.54
247.6
247.64
247.7
250.86
250.94
251
251.04
262.46
262.54
265.3
265.34
265.4
265.44
269.04
271.4
271.44
275.56
279.94
280
296.44
296.5
317.96
318.04
340.54
340.6
340.64
346
346.06
351.54
353.94
355.54
355.7
355.9
360.24
360.3
360.4
367.34
367.4
369.9
369.94
370
370.04
373.64
378.5
378.54
383.5
383.54
385.16
386.6
388.4
389.36
391.86
394.9
403.74
403.8
405.7
408
410.46
412.44
414.8
415.6
417.1
419.2
423
423.04
423.96
425.7
429.54
431.86
433.9
439.04
441.6
444.96
446.56
453.2
454.16
454.54
456.2
457.46
465.4
465.44
466.46
467.96
474.1
476.7
479.66
479.7
483.04
484.8
486.04
486.74
487.54
488.56
491.06
493.54
495.96
499.74
502.3
503.76
504.66
510
517
520.8
524.8
528.36
532.8
543.26
543.3
543.34
543.4
546.94
549.34
550.84
553.64
557.06
568.46
569.76
571.1
574.04
578.94
580.1
581.06
584.64
588.2
599.16
603.96
605.76
608.56
614.4
616.44
624.84
624.86
624.9
633.1
635.44
638.06
647.04
651.84
656.6
659.94
663.86
667.8
667.84
681
681.04
685.9
692.84
692.94
696.36
698.94
703.66
706.34
706.4
709.76
712.44
721.74
721.8
724.84
727
729.8
740.24
740.3
744.24
753.3
755.86
757.66
761
772.4
793.1
799.54
806.6
806.64
808.36
811.54
815.9
815.94
820.74
822.6
822.64
824.24
824.26
824.3
827.3
837.7
839.4
841.46
846.64
846.7
849.44
851.8
851.84
853.66
854.54
855.24
855.7
859
865.9
865.94
868.04
875.6
875.64
878.04
880.96
884.8
884.84
888.14
890.2
890.24
893.4
898.8
898.84
902.34
904.1
904.14
906.4
910.46
913.54
917.06
927.2
927.24
930.86
944.8
944.84
947.5
969.8
969.84
973.9
979.14
979.16
979.2
984.1
989.7
989.74
998.74
998.76
998.8
1002.44
1002.5
1002.54
1003.24
1004.76
1006.2
1011.24
1011.3
1012.44
1014.26
1024.3
1024.34
1027.74
1030.74
1034.94
1037.86
1037.9
1042.9
1042.94
1044.66
1046.66
1048.34
1050.9
1050.94
1053.5
1065.1
1065.14
1068.14
1070.9
1070.94
1073.34
1076.56
1078.6
1081.44
1083
1083.04
1084.7
1085.9
1087.14
1089.04
1090
1092.06
1094.4
1097.3
1100.14
1102.56
1104.4
1106.1
1109.26
1111.76
1114.96
1116.8
1116.84
1120.04
1122.34
1124.24
1125.44
1127.24
1129.2
1131.46
1139.94
1142.2
1146.34
1146.4
1162.7
1162.74
1164.66
1166.86
1168.96
1171.96
1174.46
1174.5
1174.54
1180.64
1180.66
1180.7
1182.7
1182.74
1184.6
1188.46
1190.56
1194.9
1198.06
1200.5
1200.54
1203.06
1208.3
1211.24
1216.1
1216.14
1218.36
1219.3
1222.04
1222.96
1223.8
1225.06
1228.2
1228.24
1228.26
1228.3
1245.2
1245.24
1246.34
1247.46
1248.16
1249.74
1250.96
1252.84
1253.94
1255.04
1255.84
1257.16
1258.04
1259
1260.3
1260.34
1268.34
1270.94
1275.76
1275.8
1277.86
1280.46
1282.36
1282.4
1282.44
1282.5
1285.04
1287.34
1291.44
1291.54
1295
1295.04
1295.84
1297.44
1299.6
1299.64
1301.74
1303.04
1304.6
1305.34
1306.74
1309.44
1313.7
1313.84
1316.16
1318.04
1318.06
1318.1
1322.56
1327.16
1331.14
1331.16
1331.2
1338.26
1340.24
1340.26
1340.3
1343.76
1346.2
1351.14
1353.7
1353.74
1356.26
1358.04
1362.9
1364.14
1365.5
1367
1368.44
1370.3
1370.34
1374.06
1376.76
1380
1380.04
1384.4
1384.44
1388.5
1388.54
1393.74
1396.24
1396.26
1396.3
1399.36
1402.4
1403
1403.86
1406.24
1407.8
1410.34
1410.4
1411.54
1413.04
1416.06
1419.7
1429.2
1429.24
1430.6
1431.7
1432.36
1433.14
1434.6
1435.74
1435.8
1435.84
1438.9
1443.14
1443.2
1447
1449.14
1449.16
1449.2
1451.4
1455.5
1457.3
1459.04
1459.1
1466.04
1470.24
1470.3
1470.34
1475.04
1475.96
1479.26
1482.76
1486.46
1489.76
1492.24
1493.7
1498.3
1498.34
1499.5
1501.6
1506.2
1510.9
1510.94
1512.56
1514.36
1520.94
1521
1523.44
1523.46
1523.5
1526.9
1528.66
1530.9
1535.66
1537.04
1543.04
1544.3
1545.66
1547.06
1548.86
1552.34
1552.4
1557.8
1563.4
1563.44
1566.8
1571.3
1571.34
1572.94
1574.5
1576.36
1577.74
1580.84
1583.64
1583.7
1585.26
1587.96
1591.54
1592.56
1593.44
1594.76
1595.94
1600.64
1602.56
1607.6
1607.64
1610.76
1619.4
1619.44
1624.04
1625.8
1625.84
1630.1
1633.54
1637.54
1639.94
1641.86
1643.54
1645.34
1646.14
1647.44
1654.7
1654.74
1655.76
1657.14
1658.7
1661.1
1661.14
1662.7
1668.1
1668.14
1669.4
1671.2
1673.7
1673.74
1674.94
1676.54
1687.6
1687.64
1688.86
1690.14
1691.64
1694.74
1696.5
1697.56
1698.36
1699.8
1711.9
1711.94
1713.94
1717.64
1721.56
1721.6
1728.26
1732.3
1732.34
1735.6
1735.64
1739.14
1742.44
1742.46
1742.5
1746.74
1753.24
1755.6
1757.3
1765.2
1765.24
1767.14
1769.84
1772.6
1772.64
1775.26
1777.94
1778
1780.26
1781.06
1782.24
1784.9
1784.94
1787.3
1790.84
1798.74
1798.8
1801.5
1801.54
1804.7
1810.34
1815.1
1817.84
1820.9
1823.84
1823.86
1823.9
1826.64
1829.6
1833.54
1844.2
1846.76
1848.8
1848.84
1851.2
1854.9
1860.6
1860.64
1864.8
1867.8
1876.34
1876.4
1879.46
1881.14
1882.34
1886.3
1888.7
1892
1895.2
1895.24
1898.74
1904.9
1904.94
1905.04
1906.56
1909.44
1909.46
1909.5
1912.64
1914.56
1917.2
1919.06
1923.7
1923.74
1926.34
1928.6
1928.64
1931.7
1933.26
1937.2
1943.04
1943.1
1945
1947.14
1947.2
1948.76
1954
1954.04
1959.14
1959.2
1959.24
1964.4
1964.44
1968.96
1980.04
1980.06
1980.1
1983.2
1983.24
1989.84
1989.86
1989.9
1998.4
1998.44
1999.1
2000.2
2002.24
2002.26
2002.3
2009.5
2009.54
2010.84
2012.5
2014.46
2016.64
2016.7
2019.4
2021.1
2022.1
2022.86
2022.9
2024.2
2026.1
2027.5
2027.54
2030.44
2034.14
2036.24
2037.84
2038.76
2038.8
2042.9
2042.94
2046.26
2048.2
2048.24
2049.94
2053.74
2055.3
2055.34
2058.04
2061.16
2065.96
2066
2070.26
2073.1
2073.14
2078.16
2080.94
2080.96
2081
2089
2090.46
2093.1
2094.54
2103.7
2103.74
2107.9
2112.3
2116.76
2120.6
2120.64
2123.76
2127.7
2127.74
2130.26
2134.9
2134.94
2136.44
2138.44
2140.06
2142.46
2143.8
2143.84
2147.24
2149.04
2151.44
2152.96
2154.84
2157.54
2162.06
2163.26
2166.46
2168.1
2168.14
2174.9
2174.94
2176.74
2176.84
2179.84
2183.56
2186.4
2186.44
2190.44
2193
2194.64
2196.16
2200.34
2200.36
2200.4
2203.94
2205.4
2205.44
2207.24
2209.6
2209.66
2209.74
2215.64
2219.44
2227.5
2236.6
2239.76
2244.44
2247
2247.04
2251
2252.46
2260.2
2260.24
2262.9
2266.2
2266.24
2268.34
2271.76
2274.74
2274.8
2276.7
2278.3
2278.34
2279.8
2282.9
2285.04
2285.1
2292.1
2296.04
2296.1
2302.5
2305.9
2305.94
2308
2308.9
2309.96
2311.3
2315.1
2315.14
2316.3
2317.5
2317.54
2321.14
2327.86
2333.9
2338.46
2341.06
2346.54
2346.6
2348.14
2349.9
2349.94
2351.24
2357.5
2357.64
2358.7
2362.74
2368.34
2368.84
2369.2
2369.24
2373.5
2378.3
2378.34
2380.74
2392.24
2392.3
2395.1
2398.6
2403.26
2404.1
2404.14
2408.24
2412.04
2412.1
2416.26
2419.94
2420
2422.26
2423.94
2425.86
2432.5
2432.54
2437.2
2437.24
2438.8
2440.8
2442.8
2447.2
2447.24
2447.34
2449.14
2451.04
2453.1
2457.14
2459.46
2465.66
2465.74
2465.8
2465.84
2472.46
2484.44
2484.5
2485.84
2485.9
2486.64
2488.64
2491.7
2491.74
2493.66
2494.76
2495.74
2497.56
2501.74
2501.8
2517.5
2517.54
2520.74
2521.3
2526.2
2531.06
2541.4
2546.4
2554.86
2564.5
2564.54
2571
2571.04
2572.66
2575.8
2581.84
2581.86
2581.9
2586.64
2591.44
2593.5
2593.54
2596.34
2598.2
2599.4
2600.7
2603.74
2603.8
2609.7
2611.8
2611.84
2613.34
2618.06
2618.1
2629.5
2629.54
2634.1
2634.14
2639.24
2639.26
2639.3
2643.94
2644
2652
2652.04
2659.1
2659.14
2662.94
2665.3
2665.34
2667.44
2679.44
2679.5
2680.2
2681.46
2685.2
2686.8
2686.84
2690.26
2692.2
2692.24
2698.2
2699.5
2699.54
2703.4
2712.8
2712.84
2712.96
2713.16
2713.4
2713.6
2713.74
2714.04
2714.26
2714.5
2714.64
2714.84
2714.94
2715.1
2715.24
2715.34
2715.46
2715.56
2715.6
2717.9
2720.24
2724.3
2724.34
2740.64
2742.4
2745.5
2745.54
2745.6
2745.64
2747.04
2753
2753.04
2753.06
2753.1
2760.44
2760.54
2760.56
2760.6
2766.2
2766.24
2768.86
2770.64
2772.8
2777.54
2779.56
2781.6
2783.6
2784.8
2785.3
2787.3
2789.44
2794.3
2796.5
2796.54
2807.86
2814.26
2814.76
2814.8
2816.36
2818.7
2818.74
2821.44
2823.94
2823.96
2828.84
2832.14
2832.16
2834.84
2840.7
2840.74
2844.96
2851.5
2851.54
2855.56
2855.6
2858.16
2861.2
2861.24
2864.04
2867.64
2871.36
2876
2876.1
2878.84
2878.9
2879
2882.16
2885.76
2896.26
2901.56
2901.64
2910.14
2917.44
2917.5
2921.94
2924.06
2926.34
2926.4
2926.5
2930.74
2934.04
2935.16
2941.66
2945.44
2945.5
2945.54
2948.3
2948.36
2951.16
2952.6
2954.84
2957.76
2960.96
2963.6
2967.66
2976.26
2976.3
2976.34
2976.4
2982.64
2985.76
2987.64
2989.74
2990.8
2990.9
2994.1
2996.9
2998.96
3001.64
3001.7
3001.74
3009.14
3009.2
3011.6
3015.5
3018.76
3021.2
3022.86
3022.94
3027.84
3031.3
3033.44
3040.7
3040.84
3046.56
3046.64
3046.74
3047.5
3048.26
3048.66
3049.4
3050.76
3051.66
3059.84
3061.34
3077.94
3078
3078.1
3085.5
3088.14
3102.7
3102.76
3102.84
3143.1
3143.24
3152.54
3152.6
3152.7
3158.64
3158.7
3158.74
3163.84
3163.9
3164
3194.9
3199.94
3203.24
3208.34
3208.36
3208.4
3213.6
3213.66
3219.1
3224.96
3228.14
3228.3
3238.34
3248.44
3252.04
3252.06
3255.2
3255.26
3259.8
3263.3
3265.9
3267.9
3267.94
3273.46
3273.5
3275.96
3279.9
3286.86
3290.6
3290.66
3295.54
3300.4
3304.6
3310.14
3316.16
3316.2
3325.9
3329.46
3336.14
3336.2
3336.24
3339.5
3339.54
3353.54
3357.54
3369.5
3371.8
3376.9
3376.96
3377
3381.54
3381.6
3381.7
3386.4
3390.3
3397.3
3397.4
3400.64
3400.7
3400.8
3403.54
3407.7
3411.4
3412.4
3412.44
3417.74
3417.8
3417.84
3423.14
3427.24
3431.84
3437.74
3437.8
3437.86
3437.9
3441.16
3446.6
3451.84
3451.9
3451.94
3461.74
3461.8
3461.9
3464.26
3468.56
3473.56
3473.64
3473.7
3473.74
3480.4
3480.46
3480.54
3485.16
3489.44
3492.8
3495.5
3501.8
3501.86
3519.5
3519.6
3524.94
3525.04
3526.7
3529.76
3531.76
3534.3
3536.74
3538.64
3544.26
3544.34
3544.4
3544.44
3551.46
3551.54
3551.64
3554.4
3556.1
3556.14
3558.86
3561.04
3564.9
3567.04
3569.84
3572.64
3580.4
3585.6
3586.84
3588.76
3590.96
3592.44
3596.3
3598.14
3599.74
3600.8
3600.86
3600.9
3611.84
3611.9
3611.96
3612
3617.5
3617.54
3621.04
3623.64
3625.2
3630.3
3630.44
3634.14
3634.2
3639.2
3643.96
3648.54
3650.1
3650.2
3656.54
3662.3
3667.7
3670.34
3677.7
3677.76
3677.84
3695.94
3696
3699.54
3703.8
3703.9
3710.66
3710.74
3713.8
3719.84
3726.7
3728.9
3728.96
3733.64
3735.7
3740.84
3740.9
3741
3743.9
3745.96
3746.04
3746.1
3746.14
3753.86
3759.6
3765.5
3773.7
3778.7
3785.3
3785.36
3785.44
3788.64
3791.5
3791.56
3791.64
3794.8
3794.86
3794.94
3803.3
